# Game Level Exporter v1.0
LIGHT
Light
<Matrix 4x4 (-0.2909, -0.0552,  0.9552, 0.0000)
            (-0.7711,  0.6045, -0.1999, 0.0000)
            (-0.5664, -0.7947, -0.2184, 0.0000)
            ( 4.0762,  5.9039,  1.0055, 1.0000)>
CAMERA
Camera
<Matrix 4x4 ( 0.8147, -0.0078,  0.5798, 0.0000)
            (-0.2887,  0.8618,  0.4172, 0.0000)
            (-0.5029, -0.5073,  0.6999, 0.0000)
            ( 6.5780,  6.2973, -8.5289, 1.0000)>
MESH
Grass_Flat
<Matrix 4x4 (1.0000, 0.0000,  0.0000, 0.0000)
            (0.0000, 1.0000, -0.0000, 0.0000)
            (0.0000, 0.0000,  1.0000, 0.0000)
            (0.0000, 0.0000,  0.0000, 1.0000)>
MESH
Grass_Flat.001
<Matrix 4x4 (1.0000, 0.0000,  0.0000, 0.0000)
            (0.0000, 1.0000, -0.0000, 0.0000)
            (0.0000, 0.0000,  1.0000, 0.0000)
            (0.0000, 0.0000, -1.0000, 1.0000)>
MESH
Grass_Flat.002
<Matrix 4x4 (1.0000, 0.0000,  0.0000, 0.0000)
            (0.0000, 1.0000, -0.0000, 0.0000)
            (0.0000, 0.0000,  1.0000, 0.0000)
            (0.0000, 0.0000,  1.0000, 1.0000)>
MESH
Prop_Bush_3
<Matrix 4x4 (1.0000, 0.0000,  0.0000, 0.0000)
            (0.0000, 1.0000, -0.0000, 0.0000)
            (0.0000, 0.0000,  1.0000, 0.0000)
            (0.0000, 0.0000,  1.0000, 1.0000)>
MESH
Prop_Fence_Curve_3x3
<Matrix 4x4 (-0.0000, 0.0000, -1.0000, 0.0000)
            (-0.0000, 1.0000,  0.0000, 0.0000)
            ( 1.0000, 0.0000, -0.0000, 0.0000)
            ( 0.0000, 0.0000,  0.0000, 1.0000)>
MESH
Path_Steps_Grass_Edge_Top
<Matrix 4x4 (-0.0000, 0.0000, -1.0000, 0.0000)
            (-0.0000, 1.0000,  0.0000, 0.0000)
            ( 1.0000, 0.0000, -0.0000, 0.0000)
            ( 2.0000, 0.0000,  1.0000, 1.0000)>
